-7.537286281585693359e-01
-5.638674497604370117e-01
-5.421984195709228516e-01
-1.494640827178955078e+00
-7.232725024223327637e-01
2.822680585086345673e-02
-4.265314340591430664e-01
4.412039816379547119e-01
2.684388756752014160e-01
-7.722181677818298340e-01
-1.070967912673950195e+00
-9.058657288551330566e-01
-3.375255465507507324e-01
-9.368286132812500000e-01
-1.123438239097595215e+00
-7.807528376579284668e-01
-9.198458194732666016e-01
-2.481630444526672363e-01
-6.376628875732421875e-01
-6.488924622535705566e-01
-1.598457813262939453e+00
-7.489878535270690918e-01
-1.495464086532592773e+00
1.202027499675750732e-01
-1.105708956718444824e+00
-1.213827729225158691e+00
-8.275275826454162598e-01
-1.151982188224792480e+00
-9.210517406463623047e-01
-3.144481480121612549e-01
-1.022314906120300293e+00
-7.714729309082031250e-01
-4.708595871925354004e-01
-5.564525127410888672e-01
-3.532240092754364014e-01
-5.127571821212768555e-01
5.506118535995483398e-01
-7.052957415580749512e-01
-3.425752520561218262e-01
1.028526127338409424e-01
-6.317614912986755371e-01
-7.746826410293579102e-01
-1.013111948966979980e+00
-2.500363290309906006e-01
-6.235994696617126465e-01
-4.357898533344268799e-01
-7.048292756080627441e-01
-5.001177191734313965e-01
-1.204682350158691406e+00
-1.073157429695129395e+00
-5.449631214141845703e-01
4.827913045883178711e-01
-3.078539967536926270e-01
-7.073456048965454102e-01
-1.300507187843322754e-01
-1.139309048652648926e+00
-3.261858224868774414e-01
-1.559559345245361328e+00
-5.039885640144348145e-01
-4.559096395969390869e-01
8.167787194252014160e-01
2.758876383304595947e-01
-7.437110692262649536e-02
2.407398521900177002e-01
-6.529588699340820312e-01
-1.814973354339599609e-01
-1.873124092817306519e-01
-3.122986555099487305e-01
-7.069072127342224121e-01
-8.307345509529113770e-01
-1.545571088790893555e+00
2.127676010131835938e-01
-1.409398794174194336e+00
-1.767393201589584351e-01
-1.076954364776611328e+00
-1.327782273292541504e+00
1.643297374248504639e-01
-5.065233707427978516e-01
2.862277626991271973e-01
1.721107512712478638e-01
-9.027435183525085449e-01
-1.682939767837524414e+00
-1.144106611609458923e-01
-8.434736132621765137e-01
-5.038317441940307617e-01
-2.925831079483032227e-02
1.620189286768436432e-02
3.642146885395050049e-01
-8.512768149375915527e-02
-8.059275150299072266e-01
-1.247789978981018066e+00
-1.258654236793518066e+00
-1.962320923805236816e+00
-5.088080763816833496e-01
1.172689646482467651e-01
-2.179835319519042969e+00
-7.295269966125488281e-01
-6.198252439498901367e-01
-1.614427208900451660e+00
-5.089525580406188965e-01
-1.357199311256408691e+00
-8.914417028427124023e-01
-9.131392836570739746e-01
-3.918367028236389160e-01
-2.397530823945999146e-01
-6.725925207138061523e-01
-4.156166017055511475e-01
-1.126435756683349609e+00
-9.331275224685668945e-01
-1.311542391777038574e+00
-1.045697331428527832e+00
-4.368465840816497803e-01
1.217115998268127441e+00
3.599930703639984131e-01
3.821035027503967285e-01
-9.217735528945922852e-01
-6.235611438751220703e-01
-1.684291958808898926e-01
7.143045663833618164e-01
-2.403196692466735840e-01
-7.691323161125183105e-01
1.463959217071533203e-01
3.851597309112548828e-01
1.575161814689636230e-01
1.125661373138427734e+00
-1.840896904468536377e-02
5.383592247962951660e-01
-1.602746129035949707e+00
-1.369455337524414062e+00
-1.308209776878356934e+00
-1.506922364234924316e+00
-1.570778250694274902e+00
-1.087156891822814941e+00
-1.579526424407958984e+00
-8.379097580909729004e-01
-1.503600239753723145e+00
-1.117190837860107422e+00
-1.380160570144653320e+00
-1.460646629333496094e+00
-1.559382438659667969e+00
-1.676155924797058105e+00
-1.779902696609497070e+00
-2.278971433639526367e+00
-1.761010169982910156e+00
-7.132737636566162109e-01
-5.070258378982543945e-01
-1.090266346931457520e+00
-1.795793056488037109e+00
-1.197653532028198242e+00
-1.263043761253356934e+00
3.876121938228607178e-01
1.562333703041076660e+00
-1.045711517333984375e+00
-3.980789482593536377e-01
9.349353611469268799e-02
8.547230064868927002e-02
-4.353232085704803467e-01
-3.147130012512207031e-01
2.100780606269836426e-01
1.764388382434844971e-01
3.794021606445312500e-01
5.572490096092224121e-01
1.565210968255996704e-01
5.745788216590881348e-01
2.599086761474609375e-01
-1.848697513341903687e-01
-2.780025601387023926e-01
-5.774457454681396484e-01
6.151900291442871094e-01
-2.415586858987808228e-01
-1.389134973287582397e-01
8.863809704780578613e-01
3.924136161804199219e-01
2.139146178960800171e-01
7.927088439464569092e-02
-9.133573770523071289e-01
2.228973433375358582e-02
-7.478420436382293701e-02
6.319201588630676270e-01
6.391924619674682617e-01
4.938796758651733398e-01
1.801573671400547028e-04
4.208141565322875977e-01
1.651778072118759155e-01
5.962252020835876465e-01
7.341598272323608398e-01
5.784415006637573242e-01
2.790059149265289307e-01
1.589589416980743408e-01
6.031746268272399902e-01
-5.034999847412109375e-01
3.707011640071868896e-01
3.598790168762207031e-01
5.618105530738830566e-01
-7.375082969665527344e-01
7.751810550689697266e-01
1.673962026834487915e-01
8.844535797834396362e-02
2.475049942731857300e-01
6.302898526191711426e-01
-7.910424843430519104e-03
1.721195876598358154e-01
5.886458158493041992e-01
6.055793166160583496e-01
6.348170340061187744e-02
1.860439032316207886e-01
-1.536808013916015625e-01
5.179961323738098145e-01
1.220908999443054199e+00
3.048186600208282471e-01
-1.814005523920059204e-01
3.409480154514312744e-01
2.383924573659896851e-01
3.917776420712471008e-02
-2.430662512779235840e-02
2.204506099224090576e-01
-2.007000595331192017e-01
1.328205168247222900e-01
-4.469354152679443359e-01
5.923953056335449219e-01
8.624677360057830811e-02
-1.986335366964340210e-01
-7.824172079563140869e-02
7.402384281158447266e-01
2.314518988132476807e-01
2.778989970684051514e-01
1.381863206624984741e-01
7.738697528839111328e-01
-4.901068806648254395e-01
-2.690571844577789307e-01
-8.983382582664489746e-02
3.625790476799011230e-01
3.216650485992431641e-01
-9.754174202680587769e-02
8.076208233833312988e-01
7.640470266342163086e-01
5.193342566490173340e-01
4.486144781112670898e-01
6.864300370216369629e-01
-2.639369070529937744e-01
4.393495917320251465e-01
-1.723947525024414062e-01
4.815218746662139893e-01
2.390504777431488037e-01
-4.472047984600067139e-01
4.031104445457458496e-01
4.890046119689941406e-01
-1.749895364046096802e-01
5.587515830993652344e-01
9.000155329704284668e-02
3.785101771354675293e-01
4.913031160831451416e-01
-7.870851159095764160e-01
5.399225950241088867e-01
8.409478664398193359e-01
-7.927585244178771973e-01
2.712218165397644043e-01
2.071070522069931030e-01
-1.370062977075576782e-01
2.545598745346069336e-01
-2.311667501926422119e-01
-6.672468185424804688e-01
-2.582061290740966797e-01
2.317103743553161621e-01
6.192891001701354980e-01
7.510423064231872559e-01
2.476957887411117554e-01
4.347160458564758301e-01
-1.160477101802825928e-01
-6.058416962623596191e-01
-9.853066205978393555e-01
-1.179694175720214844e+00
-6.765493750572204590e-01
4.942843616008758545e-01
-1.156816959381103516e+00
-1.316793680191040039e+00
-1.300018191337585449e+00
-9.457160234451293945e-01
-1.283974170684814453e+00
-5.686053037643432617e-01
-3.721255958080291748e-01
8.969878554344177246e-01
7.686424851417541504e-01
6.676299870014190674e-02
3.450302481651306152e-01
9.258940815925598145e-01
-2.377634197473526001e-01
-2.869623899459838867e-01
-7.705701589584350586e-01
-1.622831225395202637e+00
-1.088287115097045898e+00
-1.312870025634765625e+00
-4.300833046436309814e-01
-1.095349907875061035e+00
-1.060929179191589355e+00
-8.886287808418273926e-01
-9.406820535659790039e-01
-1.401488780975341797e+00
-4.121277630329132080e-01
-1.982801109552383423e-01
-1.850524902343750000e+00
-6.374515891075134277e-01
-4.029777944087982178e-01
-3.809524476528167725e-01
-1.084164142608642578e+00
-8.356563448905944824e-01
1.109604388475418091e-01
-7.208005785942077637e-01
-1.209222316741943359e+00
-3.507602512836456299e-01
4.504058063030242920e-01
-3.303757607936859131e-01
-3.445937037467956543e-01
3.124846816062927246e-01
7.856636047363281250e-01
-3.411924242973327637e-01
-7.485551834106445312e-01
-1.035245418548583984e+00
-9.802030920982360840e-01
-6.132476329803466797e-01
-1.418204069137573242e+00
-1.100669860839843750e+00
-1.343139290809631348e+00
-1.588980674743652344e+00
-1.369023203849792480e+00
-1.587152481079101562e+00
-1.206877470016479492e+00
1.434762626886367798e-01
9.447021037340164185e-02
-4.991618990898132324e-01
-2.610426396131515503e-02
-2.987080812454223633e-01
1.962324604392051697e-02
3.966843485832214355e-01
-4.890792667865753174e-01
-8.356068134307861328e-01
-1.654919743537902832e+00
5.414665490388870239e-02
5.553177595138549805e-01
-1.251803040504455566e+00
-5.767498016357421875e-01
5.544537305831909180e-01
-5.309461355209350586e-01
-1.423452138900756836e+00
-6.781545281410217285e-01
6.420328617095947266e-01
-6.817418336868286133e-01
-1.531635880470275879e+00
-2.131209373474121094e-01
-1.395849823951721191e+00
-1.254998683929443359e+00
-2.289942979812622070e+00
-1.434215784072875977e+00
-8.247640132904052734e-01
-5.805406570434570312e-01
3.381877839565277100e-01
1.100843191146850586e+00
5.364183336496353149e-03
3.970038890838623047e-01
4.021235108375549316e-01
-1.736457347869873047e-01
3.028245568275451660e-01
2.249594591557979584e-02
3.747641444206237793e-01
-6.540487408638000488e-01
-5.055218935012817383e-01
-1.148419499397277832e+00
-2.724678516387939453e-01
-1.040723681449890137e+00
-7.624580860137939453e-01
-7.126213908195495605e-01
-3.749075829982757568e-01
-5.565252900123596191e-01
-1.530238147825002670e-02
-2.859198749065399170e-01
-1.115428924560546875e+00
-1.215875625610351562e+00
1.356384456157684326e-01
-3.901223838329315186e-01
-6.407054066658020020e-01
2.946789264678955078e-01
-6.176825165748596191e-01
-4.355873167514801025e-01
-8.044113516807556152e-01
-7.881478071212768555e-01
-3.884675204753875732e-01
-1.044309377670288086e+00
-1.250688672065734863e+00
-1.111665129661560059e+00
-2.729315459728240967e-01
6.288936734199523926e-01
5.986225325614213943e-03
-1.419381856918334961e+00
-1.701461911201477051e+00
-2.105791568756103516e-01
4.882926642894744873e-01
-1.091928958892822266e+00
-6.115818023681640625e-01
3.889433741569519043e-01
1.347305774688720703e-01
-8.465025424957275391e-01
7.832558155059814453e-01
2.309076040983200073e-01
-2.016797542572021484e+00
-1.964979052543640137e+00
-6.181825995445251465e-01
-1.354538798332214355e-01
-4.348165392875671387e-01
-2.494723945856094360e-01
1.014449238777160645e+00
-2.631804645061492920e-01
2.616895735263824463e-01
2.157727003097534180e+00
7.270717620849609375e-01
3.727987110614776611e-01
1.037954449653625488e+00
-3.533294498920440674e-01
3.476276695728302002e-01
3.244441449642181396e-01
1.050684571266174316e+00
8.199951648712158203e-01
1.312673687934875488e+00
-2.269286364316940308e-01
2.586726844310760498e-01
1.050473153591156006e-01
-8.964589834213256836e-01
-1.368084400892257690e-01
1.349495053291320801e+00
1.716611385345458984e+00
4.915745854377746582e-01
-8.114532828330993652e-01
-1.789354346692562103e-02
3.272705376148223877e-01
6.237817406654357910e-01
5.191476941108703613e-01
1.032474875450134277e+00
-3.337109684944152832e-01
-3.247305452823638916e-01
4.715901613235473633e-01
2.338224351406097412e-01
8.083319664001464844e-01
5.658118724822998047e-01
4.192759841680526733e-02
-4.518210291862487793e-01
-3.987674117088317871e-01
7.177007198333740234e-02
5.679793953895568848e-01
1.331000089645385742e+00
8.945879936218261719e-01
-6.501415371894836426e-01
-3.577727377414703369e-01
4.026733338832855225e-01
7.596421241760253906e-01
-6.295126676559448242e-02
-2.684668302536010742e-01
7.210888266563415527e-01
1.595778465270996094e+00
1.258510470390319824e+00
-1.350535601377487183e-01
7.299352288246154785e-01
-6.488150358200073242e-01
5.372956395149230957e-01
1.360592961311340332e+00
2.593035936355590820e+00
1.047281503677368164e+00
-3.882913589477539062e-01
-1.379062652587890625e+00
-4.198290407657623291e-02
-2.385203726589679718e-02
1.616045355796813965e+00
1.234892725944519043e+00
5.168359875679016113e-01
2.490157634019851685e-01
9.232913255691528320e-01
-2.312977164983749390e-01
3.054254129528999329e-02
7.577805221080780029e-02
3.979683518409729004e-01
8.453422784805297852e-01
5.237451195716857910e-01
1.070855651050806046e-02
2.719697654247283936e-01
2.579682469367980957e-01
-8.372551202774047852e-01
-1.317663192749023438e+00
-1.253735721111297607e-01
-2.295316159725189209e-01
1.228198051452636719e+00
1.616389989852905273e+00
1.128184556961059570e+00
4.716354608535766602e-01
6.533727049827575684e-01
7.500090599060058594e-01
-1.067774891853332520e+00
1.320058703422546387e+00
-8.936284780502319336e-01
7.677439600229263306e-02
-3.565105199813842773e-01
-9.288236498832702637e-02
1.291388034820556641e+00
-1.577550530433654785e+00
4.555874466896057129e-01
1.158547878265380859e+00
5.238583087921142578e-01
1.039753317832946777e+00
1.180440783500671387e+00
1.132518410682678223e+00
5.931323170661926270e-01
4.729824066162109375e-01
3.318032920360565186e-01
-1.147005319595336914e+00
-8.554734587669372559e-01
8.488663434982299805e-01
3.243348598480224609e-01
1.040983796119689941e+00
1.657785058021545410e+00
4.692767560482025146e-01
1.007789000868797302e-01
1.277358293533325195e+00
7.232738137245178223e-01
-6.756802201271057129e-01
2.976870834827423096e-01
8.723558187484741211e-01
1.685716867446899414e+00
2.632166743278503418e-01
-6.778855919837951660e-01
7.692655920982360840e-02
-4.384827315807342529e-01
3.708432316780090332e-01
1.224716827273368835e-01
9.416044354438781738e-01
1.080514788627624512e-01
2.713011801242828369e-01
-8.489806652069091797e-01
4.690501689910888672e-01
-5.192282795906066895e-01
-5.035367608070373535e-01
-6.734169721603393555e-01
1.818312257528305054e-01
1.351342558860778809e+00
-1.181487679481506348e+00
1.566653847694396973e+00
1.074983000755310059e+00
6.479545235633850098e-01
5.470891594886779785e-01
1.009206056594848633e+00
6.587410569190979004e-01
-2.151288986206054688e+00
-1.216696381568908691e+00
1.260007172822952271e-01
-5.030272603034973145e-01
1.579556167125701904e-01
7.708110809326171875e-01
-3.901815786957740784e-02
-1.395630717277526855e+00
-6.279208064079284668e-01
2.508456408977508545e-01
3.884020149707794189e-01
1.162416338920593262e+00
8.829182982444763184e-01
-4.663400724530220032e-02
-2.156837135553359985e-01
9.896690249443054199e-01
3.177634254097938538e-02
-1.229583621025085449e+00
-8.618386983871459961e-01
4.711547121405601501e-02
1.104298233985900879e+00
4.189935624599456787e-01
-5.968711972236633301e-01
1.016531705856323242e+00
3.328182920813560486e-02
8.732922673225402832e-01
-9.122183322906494141e-01
5.167534351348876953e-01
-2.696276605129241943e-01
-8.849165439605712891e-01
1.129891276359558105e+00
3.506976962089538574e-01
2.318102270364761353e-01
2.292654514312744141e-01
-1.581555306911468506e-01
8.429673314094543457e-01
6.747606396675109863e-01
1.138237118721008301e+00
8.815424442291259766e-01
-3.459088504314422607e-01
1.588133215904235840e+00
1.228027701377868652e+00
1.173207640647888184e+00
-6.520242094993591309e-01
6.523781418800354004e-01
-5.404958128929138184e-01
8.391050100326538086e-01
2.774512469768524170e-01
-6.074935197830200195e-01
1.009447455406188965e+00
-2.686925232410430908e-01
-5.108042955398559570e-01
1.053048491477966309e+00
2.282525539398193359e+00
-5.097942799329757690e-02
-7.789141684770584106e-02
-5.232459306716918945e-01
4.919780194759368896e-01
1.764546334743499756e-01
1.254086971282958984e+00
-4.724574089050292969e-01
6.659929156303405762e-01
-2.430415600538253784e-01
8.990197181701660156e-01
7.581974864006042480e-01
-5.341488122940063477e-01
5.729268193244934082e-01
1.404237002134323120e-01
2.837904989719390869e-01
1.123978137969970703e+00
4.706707298755645752e-01
1.925866007804870605e+00
9.569081068038940430e-01
1.142468690872192383e+00
5.803287029266357422e-01
2.584994137287139893e-01
5.617190599441528320e-01
1.394122242927551270e-01
-1.142119050025939941e+00
1.125766515731811523e+00
-3.276828825473785400e-01
-1.141392111778259277e+00
2.078106403350830078e-01
3.205741755664348602e-03
9.903073310852050781e-01
7.602248787879943848e-01
1.043476939201354980e+00
-2.794802784919738770e-01
1.156108081340789795e-01
1.272832632064819336e+00
8.458476662635803223e-01
6.902216672897338867e-01
2.504980862140655518e-01
-1.636085391044616699e+00
1.129745483398437500e+00
-4.188977554440498352e-02
1.451903343200683594e+00
8.742501735687255859e-01
-7.595709562301635742e-01
6.138067245483398438e-01
4.813416302204132080e-01
-6.234529018402099609e-01
-1.604533076286315918e+00
1.032572627067565918e+00
1.584696769714355469e-01
5.280517339706420898e-01
7.671183347702026367e-01
-2.254132479429244995e-01
6.080040931701660156e-01
-5.489340052008628845e-02
-3.097520396113395691e-02
7.690861821174621582e-02
5.267932415008544922e-01
-3.930833190679550171e-02
-1.065582156181335449e+00
-1.345610022544860840e-01
-7.901607751846313477e-01
9.858889579772949219e-01
6.381458044052124023e-02
1.141594648361206055e+00
3.950793147087097168e-01
-7.521805167198181152e-01
-4.203220009803771973e-01
2.514828443527221680e-01
-3.393485248088836670e-01
-3.569979667663574219e-01
7.401617169380187988e-01
1.666150808334350586e+00
-8.629117608070373535e-01
1.509170532226562500e+00
1.154481768608093262e+00
9.603954553604125977e-01
3.260723948478698730e-01
6.068678498268127441e-01
6.432026624679565430e-01
-5.950576066970825195e-01
5.103747248649597168e-01
9.197869300842285156e-01
-1.514652967453002930e+00
-2.622128427028656006e-01
-1.163254976272583008e+00
-3.176270127296447754e-01
-7.492271065711975098e-01
-5.304964780807495117e-01
7.203966379165649414e-01
1.007365345954895020e+00
6.030497550964355469e-01
-9.962195754051208496e-01
8.698899745941162109e-01
1.569054245948791504e+00
1.366893798112869263e-01
-3.083530366420745850e-01
6.652347445487976074e-01
2.040668487548828125e+00
-1.474618613719940186e-01
-1.580849885940551758e-01
3.471465408802032471e-01
7.078827023506164551e-01
-5.364136695861816406e-01
-3.357684314250946045e-01
3.481616675853729248e-01
9.810734987258911133e-01
3.705568313598632812e-01
1.064333319664001465e+00
1.084438562393188477e+00
1.840969771146774292e-01
-3.867954909801483154e-01
6.735131740570068359e-01
-5.239175558090209961e-01
7.047476768493652344e-01
-7.227749824523925781e-01
-3.765233755111694336e-01
7.363510131835937500e-01
3.091449141502380371e-01
2.797366380691528320e-01
1.427413105964660645e+00
4.083728790283203125e-01
-6.249613165855407715e-01
1.371020674705505371e+00
-7.843160629272460938e-01
-9.241026639938354492e-02
1.512182950973510742e+00
-3.480289578437805176e-01
2.117618918418884277e-01
2.099950551986694336e+00
-8.171362876892089844e-01
1.861732721328735352e+00
-1.610459685325622559e+00
1.156649515032768250e-01
3.544704988598823547e-03
6.839085221290588379e-01
1.160674810409545898e+00
2.144131958484649658e-01
9.687337875366210938e-01
-5.047174170613288879e-03
3.833833932876586914e-01
2.627298533916473389e-01
5.597041845321655273e-01
2.932058461010456085e-02
1.408041864633560181e-01
5.870080590248107910e-01
7.748164534568786621e-01
1.321412563323974609e+00
5.173059105873107910e-01
-8.796262741088867188e-02
2.763451039791107178e-01
7.251265048980712891e-01
7.176381349563598633e-01
-6.100596785545349121e-01
9.977994561195373535e-01
-2.129362523555755615e-01
1.232720255851745605e+00
-1.715124547481536865e-01
3.574273884296417236e-01
8.296368122100830078e-01
5.761860609054565430e-01
6.956823468208312988e-01
1.247929573059082031e+00
9.552686214447021484e-01
3.899868428707122803e-01
6.168675422668457031e-01
-2.903137803077697754e-01
1.429400682449340820e+00
4.425568580627441406e-01
3.384881019592285156e-01
1.687609791755676270e+00
8.192765712738037109e-01
8.713192939758300781e-01
3.397065103054046631e-01
3.822193145751953125e-01
6.163420081138610840e-01
1.349668979644775391e+00
-8.866713047027587891e-01
-9.798488616943359375e-01
-8.715547323226928711e-01
9.964888691902160645e-01
9.802131056785583496e-01
1.532482743263244629e+00
2.661923170089721680e-01
5.373504161834716797e-01
1.319580078125000000e+00
2.492857277393341064e-01
6.970568001270294189e-02
6.104402542114257812e-01
1.189791917800903320e+00
1.570686936378479004e+00
1.108703136444091797e+00
2.528553605079650879e-01
2.717279195785522461e-01
8.834704160690307617e-01
7.006034255027770996e-01
-8.273148536682128906e-01
4.930302202701568604e-01
-9.250636696815490723e-01
3.142916262149810791e-01
-1.091707825660705566e+00
-1.259338140487670898e+00
1.145341873168945312e+00
1.209008932113647461e+00
2.813827395439147949e-01
3.206070363521575928e-01
1.350277304649353027e+00
1.488926112651824951e-01
-5.227382183074951172e-01
1.202149987220764160e+00
-4.320602715015411377e-01
1.728210687637329102e+00
-1.049341440200805664e+00
-2.223806679248809814e-01
3.587228953838348389e-01
-1.115778684616088867e+00
1.797562718391418457e+00
3.722130656242370605e-01
-1.679131031036376953e+00
-9.933565258979797363e-01
3.865917026996612549e-01
7.097463011741638184e-01
9.333183765411376953e-01
-9.718909263610839844e-01
2.389812320470809937e-01
9.131180047988891602e-01
1.391607999801635742e+00
-6.881074309349060059e-01
1.074856638908386230e+00
4.510943591594696045e-01
-7.115229368209838867e-01
-9.856030344963073730e-01
1.461592763662338257e-01
5.608178377151489258e-01
1.598362803459167480e+00
1.589897274971008301e+00
1.032933473587036133e+00
-6.578773856163024902e-01
1.523496270179748535e+00
4.354070425033569336e-01
5.042836666107177734e-01
6.125763058662414551e-01
6.139014959335327148e-01
1.675725460052490234e+00
8.327526450157165527e-01
-4.021680355072021484e-01
4.171087145805358887e-01
9.170545339584350586e-01
1.363069057464599609e+00
1.365276694297790527e+00
1.826882123947143555e+00
-5.986878871917724609e-01
-3.010445535182952881e-01
8.988391757011413574e-01
-5.795639157295227051e-01
-1.748825013637542725e-01
-2.586487531661987305e-01
9.383158683776855469e-01
7.168075442314147949e-02
1.487868070602416992e+00
8.630193471908569336e-01
-8.480723202228546143e-02
-4.244137406349182129e-01
6.758332848548889160e-01
1.408106833696365356e-01
-2.651354670524597168e-01
1.682634592056274414e+00
-5.003040432929992676e-01
1.020603895187377930e+00
-1.325393795967102051e+00
1.065814375877380371e+00
-1.085455894470214844e+00
-2.431009531021118164e+00
3.310209810733795166e-01
1.563179254531860352e+00
-1.438554823398590088e-01
-2.839294672012329102e-01
1.752678632736206055e+00
1.018977880477905273e+00
-1.759016364812850952e-01
1.063595414161682129e+00
1.545766949653625488e+00
1.248565018177032471e-01
3.324994444847106934e-01
-3.228154182434082031e-01
-2.850796282291412354e-01
-1.119600892066955566e+00
3.228720724582672119e-01
-4.651578664779663086e-01
1.582589745521545410e-01
8.094305396080017090e-01
1.982678920030593872e-01
-4.621510505676269531e-01
-7.579305768013000488e-01
1.188705086708068848e+00
6.823868155479431152e-01
2.060673236846923828e+00
2.007993221282958984e+00
-1.079505801200866699e+00
-5.216326713562011719e-01
1.549618363380432129e+00
8.604398965835571289e-01
9.677361845970153809e-01
1.166608855128288269e-01
-4.447670876979827881e-01
1.207242012023925781e+00
-1.007781982421875000e+00
1.043549180030822754e+00
1.405529141426086426e+00
1.158253431320190430e+00
7.542178630828857422e-01
-3.986461460590362549e-01
-1.893346428871154785e+00
-5.478940606117248535e-01
1.903618723154067993e-01
3.947032392024993896e-01
4.846902489662170410e-01
2.021099478006362915e-01
-1.617875695228576660e-01
1.126069545745849609e+00
-6.389527916908264160e-01
7.113214731216430664e-01
-2.908660769462585449e-01
-7.699426412582397461e-01
-9.503304362297058105e-01
-3.987402319908142090e-01
1.028451621532440186e-01
1.378136992454528809e+00
-1.315382122993469238e-01
2.418302744626998901e-01
5.749424695968627930e-01
-1.591695666313171387e+00
2.200413029640913010e-03
-4.958004057407379150e-01
4.341535866260528564e-01
3.892921209335327148e-01
5.959819629788398743e-02
-6.643296033143997192e-02
-2.626962363719940186e-01
-6.209173202514648438e-01
-2.086928933858871460e-01
2.526838779449462891e-01
-4.234228432178497314e-01
-5.854455828666687012e-01
-1.133081316947937012e+00
6.251850724220275879e-01
8.580003380775451660e-01
-1.575907915830612183e-01
1.308795362710952759e-01
-5.550761818885803223e-01
-3.856664896011352539e-01
2.165732383728027344e-01
9.421854019165039062e-01
-3.438329696655273438e-01
-1.660704016685485840e-01
-3.587253987789154053e-01
-1.828794181346893311e-01
-8.786917328834533691e-01
4.111255109310150146e-01
4.166802167892456055e-01
-3.045051693916320801e-01
-6.843677163124084473e-01
-1.073820829391479492e+00
-1.867019385099411011e-01
4.816653728485107422e-01
-5.134664773941040039e-01
1.013415455818176270e+00
1.486096829175949097e-01
-8.945686370134353638e-02
1.118777632713317871e+00
-2.448875308036804199e-01
-2.248478531837463379e-01
-1.957593917846679688e+00
1.002525210380554199e+00
-1.387721180915832520e+00
5.742487907409667969e-01
4.113141000270843506e-01
-7.244014739990234375e-01
-6.233066916465759277e-01
-8.577755093574523926e-02
5.907911062240600586e-01
-5.006985068321228027e-01
-1.044862627983093262e+00
-1.199604272842407227e+00
-2.372878789901733398e+00
1.488333225250244141e+00
-2.222398221492767334e-01
-8.333005905151367188e-01
-3.171437978744506836e-01
-1.158176422119140625e+00
-8.425459265708923340e-01
-1.853320598602294922e+00
-7.880731821060180664e-01
-3.200773596763610840e-01
3.652598261833190918e-01
-4.825230836868286133e-01
1.309440374374389648e+00
1.075518488883972168e+00
